%YAML:1.0
---
R: !!opencv-matrix
   rows: 3
   cols: 3
   dt: d
   data: [ 9.9999873611045531e-01, -6.7032281999523837e-04,
       -1.4416812439061275e-03, 6.6762380404557589e-04,
       9.9999802532338566e-01, -1.8717980087353276e-03,
       1.4429331059715837e-03, 1.8708331422731036e-03,
       9.9999720895980770e-01 ]
T: !!opencv-matrix
   rows: 3
   cols: 1
   dt: d
   data: [ -6.1352666379150818e+01, 3.0678685341246570e-02,
       1.1539613423182472e-01 ]
Rl: !!opencv-matrix
   rows: 3
   cols: 3
   dt: d
   data: [ 9.9999379447559955e-01, -1.1738767337808789e-03,
       -3.3215995704182961e-03, 1.1707687781728055e-03,
       9.9999887522444708e-01, -9.3747016413628869e-04,
       3.3226963087785804e-03, 9.3357552157168479e-04,
       9.9999404404525594e-01 ]
Rr: !!opencv-matrix
   rows: 3
   cols: 3
   dt: d
   data: [ 9.9999810615806084e-01, -5.0003739121021477e-04,
       -1.8808622754005974e-03, 5.0179676557800300e-04,
       9.9999943693794568e-01, 9.3505283139414398e-04,
       1.8803936549799509e-03, -9.3599487115815830e-04,
       9.9999779401421862e-01 ]
Pl: !!opencv-matrix
   rows: 3
   cols: 4
   dt: d
   data: [ 4.2480715654351991e+02, 0., 3.2229185485839844e+02, 0., 0.,
       4.2480715654351991e+02, 2.4044572257995605e+02, 0., 0., 0., 1.,
       0. ]
Pr: !!opencv-matrix
   rows: 3
   cols: 4
   dt: d
   data: [ 4.2480715654351991e+02, 0., 3.2229185485839844e+02,
       -2.6063101110284220e+04, 0., 4.2480715654351991e+02,
       2.4044572257995605e+02, 0., 0., 0., 1., 0. ]
Q: !!opencv-matrix
   rows: 4
   cols: 4
   dt: d
   data: [ 1., 0., 0., -3.2229185485839844e+02, 0., 1., 0.,
       -2.4044572257995605e+02, 0., 0., 0., 4.2480715654351991e+02, 0.,
       0., 1.6299179239875471e-02, 0. ]
