%YAML:1.0
---
cameraMatrixL: !!opencv-matrix
   rows: 3
   cols: 3
   dt: d
   data: [ 4.2562214518886043e+02, 0., 3.1275413089548573e+02, 0.,
       4.2504704931897089e+02, 2.5068093587812987e+02, 0., 0., 1. ]
cameraDistcoeffL: !!opencv-matrix
   rows: 5
   cols: 1
   dt: d
   data: [ 1.6788713522051915e-01, -2.2813225785432234e-01,
       -8.9089453911466940e-05, -8.0081043818621832e-04,
       1.2579331154709636e-01 ]
cameraMatrixR: !!opencv-matrix
   rows: 3
   cols: 3
   dt: d
   data: [ 4.2531835808591370e+02, 0., 3.3002757529428715e+02, 0.,
       4.2456726376806893e+02, 2.3098157730970146e+02, 0., 0., 1. ]
cameraDistcoeffR: !!opencv-matrix
   rows: 5
   cols: 1
   dt: d
   data: [ 1.6866144814487635e-01, -2.4567047646458187e-01,
       -9.1619189048586496e-04, -9.6450000750443606e-04,
       1.3896731032668574e-01 ]
